[gd_scene load_steps=15 format=3 uid="uid://8lxsyol8e7tr"]

[ext_resource type="Script" path="res://addons/smoother.gd" id="1_20u3x"]
[ext_resource type="Sky" uid="uid://cbbdl23q60wak" path="res://Environments/SkyBox.res" id="1_h2pms"]
[ext_resource type="Script" path="res://addons/phantom_camera/scripts/phantom_camera_host/phantom_camera_host.gd" id="1_ui5m2"]
[ext_resource type="Material" uid="uid://c1u020xb37y6n" path="res://Environments/Materials/Blue.material" id="2_2gv6m"]
[ext_resource type="Material" uid="uid://bly25nr0aqsv3" path="res://Environments/Materials/BlueGrid.material" id="3_gdvy2"]
[ext_resource type="Material" uid="uid://d3up41bo0vjj0" path="res://Environments/Materials/OrangeGrid.material" id="4_0vvng"]
[ext_resource type="Material" uid="uid://ddpgp1pyklffr" path="res://Environments/Materials/GreenGrid.material" id="5_yfwcj"]
[ext_resource type="Material" uid="uid://cpk3jtowelhgh" path="res://Environments/Materials/PingkGrid.material" id="6_cngp6"]
[ext_resource type="Material" uid="uid://bquocw2a8n271" path="res://Environments/Materials/GreyGrid.material" id="7_rdmxj"]
[ext_resource type="PackedScene" uid="uid://cxr4b3o8yvpap" path="res://Scripts/Graffiti/Graffiti.tscn" id="7_y80m7"]
[ext_resource type="Script" path="res://addons/phantom_camera/scripts/phantom_camera/phantom_camera_3D.gd" id="9_81gt5"]
[ext_resource type="PackedScene" uid="uid://cnwce88rxk0x6" path="res://Scripts/Player/Player.tscn" id="12_rdbky"]
[ext_resource type="PackedScene" uid="uid://3gh2fylccoia" path="res://Scripts/UI/ui.tscn" id="13_gksmo"]

[sub_resource type="Environment" id="Environment_qyvd4"]
background_mode = 2
background_color = Color(0.647059, 0.909804, 0.917647, 1)
sky = ExtResource("1_h2pms")
ssao_enabled = true
sdfgi_enabled = true
adjustment_enabled = true
adjustment_saturation = 1.15

[node name="Scene" type="Node3D"]
transform = Transform3D(1, 0, 0, 0, 1, 0, 0, 0, 1, -0.0815773, -1.43051e-06, 0.163605)

[node name="Smoother" type="Node" parent="."]
script = ExtResource("1_20u3x")

[node name="Camera3D" type="Camera3D" parent="."]
transform = Transform3D(0.894919, -3.49127e-06, -0.446228, 0, 1, -7.82394e-06, 0.446228, 7.0018e-06, 0.894919, 12.167, 2, -11.2859)
current = true

[node name="PhantomCameraHost" type="Node" parent="Camera3D"]
script = ExtResource("1_ui5m2")

[node name="DirectionalLight3D" type="DirectionalLight3D" parent="."]
transform = Transform3D(-0.892271, -0.274443, 0.358516, 2.02684e-08, 0.794054, 0.607847, -0.451501, 0.542364, -0.708511, 0, 2.76815, 9.26053)
shadow_enabled = true

[node name="WorldEnvironment" type="WorldEnvironment" parent="."]
environment = SubResource("Environment_qyvd4")

[node name="Level" type="Node3D" parent="."]

[node name="FloorAlt" type="CSGBox3D" parent="Level"]
transform = Transform3D(1, 0, 0, 0, 1, 0, 0, 0, 1, 0, 0.14287, 0)
size = Vector3(48.5, 0.1, 48.5)
material = ExtResource("2_2gv6m")

[node name="Floor" type="CSGBox3D" parent="Level"]
transform = Transform3D(1, 0, 0, 0, 1, 0, 0, 0, 1, 0, 0.14482, 0)
use_collision = true
size = Vector3(47.5872, 0.1, 47.791)
material = ExtResource("3_gdvy2")

[node name="CSGBox3D2" type="CSGBox3D" parent="Level"]
transform = Transform3D(0.833182, 0, 0.552999, 0, 1, 0, -0.552999, 0, 0.833182, 16.5416, 3.19482, -15.014)
use_collision = true
size = Vector3(4, 6, 8)
material = ExtResource("4_0vvng")

[node name="Graffiti_L" parent="Level/CSGBox3D2" instance=ExtResource("7_y80m7")]
transform = Transform3D(1, 0, 0, 0, 1, 0, 0, 0, 1, -2.7076, 0, 4.29153e-06)
Size = "M"

[node name="CSGBox3D6" type="CSGBox3D" parent="Level"]
transform = Transform3D(-0.318513, 0, 0.947919, 0, 1, 0, -0.947919, 0, -0.318513, 0.541599, 13.1948, 3.986)
use_collision = true
size = Vector3(4, 6, 8)
material = ExtResource("4_0vvng")

[node name="CSGBox3D3" type="CSGBox3D" parent="Level"]
transform = Transform3D(1, 0, 0, 0, 1, 0, 0, 0, 1, -9, 2.19482, -6.9983)
use_collision = true
size = Vector3(6, 8, 6)
material = ExtResource("5_yfwcj")

[node name="CSGBox3D4" type="CSGBox3D" parent="Level"]
transform = Transform3D(1, 0, 0, 0, 1, 0, 0, 0, 1, -4, 2.19482, -6.9983)
use_collision = true
size = Vector3(4, 4, 6)
material = ExtResource("5_yfwcj")

[node name="CSGBox3D5" type="CSGBox3D" parent="Level"]
transform = Transform3D(1, 0, 0, 0, 1, 0, 0, 0, 1, -4, 1.19482, -10.9983)
use_collision = true
size = Vector3(4, 2, 2)
material = ExtResource("5_yfwcj")

[node name="Node3D" type="Node3D" parent="Level"]
transform = Transform3D(0.707107, 0, 0.707107, 0, 1, 0, -0.707107, 0, 0.707107, -17.521, 4.76836e-07, -18.7606)

[node name="CSGBox3D4" type="CSGBox3D" parent="Level/Node3D"]
transform = Transform3D(1, 0, 0, 0, 1, 0, 0, 0, 1, -0.233154, 0.69482, -0.0343475)
use_collision = true
size = Vector3(8, 1, 1)
material = ExtResource("6_cngp6")

[node name="CSGBox3D5" type="CSGBox3D" parent="Level/Node3D"]
transform = Transform3D(1, 0, 0, 0, 1, 0, 0, 0, 1, 1.76685, 1.69482, -0.0343475)
use_collision = true
size = Vector3(4, 1, 1)
material = ExtResource("6_cngp6")

[node name="CSGBox3D6" type="CSGBox3D" parent="Level/Node3D"]
transform = Transform3D(1, 0, 0, 0, 1, 0, 0, 0, 1, 1.76685, 2.69482, -0.0343475)
use_collision = true
material = ExtResource("6_cngp6")

[node name="CSGBox3D" type="CSGBox3D" parent="Level"]
transform = Transform3D(1, 0, 0, 0, 1, 0, 0, 0, 1, 0, 5.19482, 4)
use_collision = true
size = Vector3(24, 10, 16)
material = ExtResource("7_rdmxj")

[node name="CSGBox3D5" type="CSGBox3D" parent="Level/CSGBox3D"]
transform = Transform3D(1, 0, 0, 0, 1, 0, 0, 0, 1, 6, -3, -7)
operation = 2
size = Vector3(4, 6, 2)
material = ExtResource("7_rdmxj")

[node name="CSGBox3D6" type="CSGBox3D" parent="Level/CSGBox3D"]
transform = Transform3D(-8.9407e-08, 0, 1, 0, 1, 0, -1, 0, -8.9407e-08, 11, -3, 0)
operation = 2
size = Vector3(12, 6, 2)
material = ExtResource("7_rdmxj")

[node name="CSGBox3D7" type="CSGBox3D" parent="Level/CSGBox3D"]
transform = Transform3D(1, 0, 0, 0, 1, 0, 0, 0, 1, 0, -1, 0)
operation = 2
size = Vector3(22, 10, 14)
material = ExtResource("7_rdmxj")

[node name="MainCamera" type="Node3D" parent="Level"]
transform = Transform3D(0.894808, -3.49168e-06, -0.446173, 0, 0.999996, -7.82394e-06, 0.446173, 7.00263e-06, 0.894809, 12.2486, 2, -11.4495)
script = ExtResource("9_81gt5")
priority = 1
follow_mode = 1
follow_target = NodePath("../CharacterBody3D/CameraAnchor/CameraPos")
follow_parameters/damping = false
look_at_mode = 2
look_at_target = NodePath("../CharacterBody3D")
look_at_parameters/look_at_target_offset = Vector3(0, 0, 0)
tween_parameters = null
tween_on_load = true
inactive_update_mode = 0

[node name="CharacterBody3D" parent="Level" instance=ExtResource("12_rdbky")]
transform = Transform3D(1, 0, 0, 0, 1, 0, 0, 0, 1, 12.2486, 2, -11.4495)

[node name="UI" parent="." instance=ExtResource("13_gksmo")]
